modd/00062.jpg,boat,4,0.760287,-8.000000,210.000000,101.000000,357.000000
modd/00063.jpg,boat,4,0.824274,-7.000000,198.000000,115.000000,343.000000
modd/00064.jpg,boat,4,0.877500,-8.000000,202.000000,118.000000,344.000000
modd/00065.jpg,boat,4,0.883846,-8.000000,198.000000,122.000000,342.000000
modd/00066.jpg,boat,4,0.859774,-7.000000,201.000000,125.000000,343.000000
modd/00067.jpg,boat,4,0.919214,-9.000000,198.000000,129.000000,343.000000
modd/00068.jpg,boat,4,0.923749,-7.000000,196.000000,132.000000,346.000000
modd/00069.jpg,boat,4,0.970850,-8.000000,192.000000,135.000000,345.000000
modd/00070.jpg,boat,4,0.956934,-8.000000,180.000000,142.000000,338.000000
modd/00071.jpg,boat,4,0.966911,-10.000000,181.000000,148.000000,339.000000
modd/00072.jpg,boat,4,0.962160,-10.000000,160.000000,152.000000,333.000000
modd/00073.jpg,boat,4,0.926068,-7.000000,160.000000,160.000000,324.000000
modd/00074.jpg,boat,4,0.915258,-8.000000,151.000000,165.000000,318.000000
modd/00075.jpg,boat,4,0.920437,-10.000000,148.000000,168.000000,315.000000
modd/00076.jpg,boat,4,0.886831,-9.000000,146.000000,170.000000,315.000000
modd/00077.jpg,boat,4,0.758846,-10.000000,124.000000,173.000000,313.000000
modd/00078.jpg,boat,4,0.876420,-10.000000,154.000000,168.000000,322.000000
modd/00079.jpg,boat,4,0.856206,-10.000000,155.000000,173.000000,327.000000
modd/00080.jpg,boat,4,0.651223,-23.000000,192.000000,192.000000,351.000000
modd/00080.jpg,boat,4,0.614378,0.000000,142.000000,161.000000,308.000000
modd/00080.jpg,person,15,0.555461,-8.000000,130.000000,105.000000,285.000000
modd/00081.jpg,person,15,0.785289,3.000000,151.000000,138.000000,285.000000
modd/00081.jpg,boat,4,0.740411,-17.000000,205.000000,192.000000,359.000000
modd/00082.jpg,person,15,0.910741,3.000000,140.000000,127.000000,295.000000
modd/00082.jpg,boat,4,0.740772,-19.000000,200.000000,195.000000,355.000000
modd/00083.jpg,person,15,0.970573,6.000000,137.000000,131.000000,293.000000
modd/00083.jpg,boat,4,0.846100,-18.000000,199.000000,196.000000,353.000000
modd/00084.jpg,person,15,0.868944,21.000000,132.000000,131.000000,277.000000
modd/00084.jpg,boat,4,0.668905,-20.000000,188.000000,200.000000,337.000000
modd/00085.jpg,person,15,0.975076,24.000000,111.000000,141.000000,261.000000
modd/00085.jpg,boat,4,0.713021,-17.000000,168.000000,208.000000,330.000000
modd/00086.jpg,person,15,0.959467,37.000000,103.000000,148.000000,244.000000
modd/00086.jpg,boat,4,0.815524,-19.000000,146.000000,207.000000,322.000000
modd/00087.jpg,person,15,0.977647,50.000000,106.000000,163.000000,241.000000
modd/00087.jpg,boat,4,0.793030,-18.000000,140.000000,210.000000,316.000000
modd/00088.jpg,person,15,0.972424,39.000000,99.000000,137.000000,233.000000
modd/00088.jpg,boat,4,0.959940,-27.000000,147.000000,219.000000,317.000000
modd/00089.jpg,boat,4,0.982419,-24.000000,141.000000,224.000000,310.000000
modd/00089.jpg,person,15,0.972266,61.000000,96.000000,172.000000,230.000000
modd/00090.jpg,boat,4,0.973244,-17.000000,140.000000,224.000000,317.000000
modd/00090.jpg,person,15,0.951962,62.000000,105.000000,162.000000,233.000000
modd/00091.jpg,boat,4,0.983039,-18.000000,151.000000,231.000000,325.000000
modd/00091.jpg,person,15,0.976514,66.000000,113.000000,165.000000,246.000000
modd/00092.jpg,person,15,0.991309,67.000000,119.000000,168.000000,249.000000
modd/00092.jpg,boat,4,0.981005,-17.000000,153.000000,231.000000,327.000000
modd/00093.jpg,person,15,0.971145,67.000000,136.000000,167.000000,266.000000
modd/00093.jpg,boat,4,0.967006,-19.000000,177.000000,232.000000,346.000000
modd/00094.jpg,person,15,0.989297,66.000000,141.000000,168.000000,274.000000
modd/00094.jpg,boat,4,0.979836,-17.000000,180.000000,226.000000,348.000000
modd/00095.jpg,person,15,0.977822,63.000000,154.000000,166.000000,276.000000
modd/00095.jpg,boat,4,0.863648,-18.000000,179.000000,221.000000,342.000000
modd/00095.jpg,person,15,0.611403,-7.000000,132.000000,91.000000,288.000000
modd/00096.jpg,person,15,0.996160,68.000000,139.000000,170.000000,259.000000
modd/00096.jpg,boat,4,0.916560,-19.000000,177.000000,225.000000,322.000000
modd/00096.jpg,person,15,0.893322,-14.000000,112.000000,86.000000,275.000000
modd/00097.jpg,person,15,0.987604,76.000000,128.000000,174.000000,248.000000
modd/00097.jpg,person,15,0.912552,-16.000000,106.000000,90.000000,266.000000
modd/00097.jpg,boat,4,0.868885,-20.000000,162.000000,224.000000,305.000000
modd/00098.jpg,person,15,0.982591,-16.000000,96.000000,97.000000,259.000000
modd/00098.jpg,person,15,0.981654,82.000000,120.000000,177.000000,245.000000
modd/00098.jpg,boat,4,0.841443,-20.000000,172.000000,230.000000,300.000000
modd/00099.jpg,person,15,0.984458,-14.000000,102.000000,100.000000,249.000000
modd/00099.jpg,boat,4,0.911458,-13.000000,143.000000,226.000000,296.000000
modd/00099.jpg,person,15,0.846981,93.000000,114.000000,183.000000,233.000000
modd/00100.jpg,person,15,0.984768,92.000000,111.000000,185.000000,231.000000
modd/00100.jpg,person,15,0.981050,-13.000000,98.000000,100.000000,253.000000
modd/00100.jpg,boat,4,0.948968,-17.000000,145.000000,230.000000,291.000000
modd/00101.jpg,person,15,0.987740,-8.000000,96.000000,112.000000,251.000000
modd/00101.jpg,person,15,0.984777,87.000000,110.000000,182.000000,229.000000
modd/00101.jpg,boat,4,0.973372,-16.000000,144.000000,234.000000,294.000000
modd/00102.jpg,person,15,0.993016,-4.000000,100.000000,115.000000,250.000000
modd/00102.jpg,person,15,0.967984,91.000000,112.000000,184.000000,231.000000
modd/00102.jpg,boat,4,0.956380,-19.000000,154.000000,241.000000,298.000000
modd/00103.jpg,person,15,0.953096,4.000000,108.000000,119.000000,253.000000
modd/00103.jpg,person,15,0.915699,105.000000,118.000000,186.000000,237.000000
modd/00103.jpg,boat,4,0.889440,-19.000000,157.000000,243.000000,304.000000
modd/00104.jpg,person,15,0.982221,5.000000,113.000000,122.000000,260.000000
modd/00104.jpg,person,15,0.946770,108.000000,122.000000,192.000000,243.000000
modd/00104.jpg,boat,4,0.825994,-23.000000,169.000000,251.000000,298.000000
modd/00105.jpg,person,15,0.990105,14.000000,118.000000,133.000000,262.000000
modd/00105.jpg,person,15,0.983757,109.000000,128.000000,195.000000,244.000000
modd/00105.jpg,boat,4,0.927994,-19.000000,172.000000,251.000000,305.000000
modd/00106.jpg,person,15,0.987425,19.000000,122.000000,139.000000,267.000000
modd/00106.jpg,person,15,0.931294,112.000000,133.000000,198.000000,251.000000
modd/00106.jpg,boat,4,0.868774,-20.000000,179.000000,264.000000,315.000000
modd/00107.jpg,person,15,0.974295,21.000000,131.000000,140.000000,273.000000
modd/00107.jpg,person,15,0.942884,105.000000,138.000000,197.000000,254.000000
modd/00107.jpg,boat,4,0.800428,-17.000000,185.000000,261.000000,320.000000
modd/00108.jpg,person,15,0.984498,24.000000,136.000000,139.000000,276.000000
modd/00108.jpg,person,15,0.943026,107.000000,143.000000,199.000000,257.000000
modd/00108.jpg,boat,4,0.852743,-19.000000,185.000000,260.000000,329.000000
modd/00109.jpg,person,15,0.962005,23.000000,138.000000,142.000000,275.000000
modd/00109.jpg,person,15,0.891065,109.000000,146.000000,203.000000,258.000000
modd/00109.jpg,boat,4,0.741596,-11.000000,186.000000,257.000000,327.000000
modd/00110.jpg,person,15,0.963895,22.000000,131.000000,130.000000,278.000000
modd/00110.jpg,person,15,0.959009,111.000000,147.000000,207.000000,258.000000
modd/00110.jpg,boat,4,0.737240,-12.000000,188.000000,248.000000,332.000000
modd/00111.jpg,person,15,0.978602,22.000000,134.000000,127.000000,275.000000
modd/00111.jpg,person,15,0.938228,109.000000,148.000000,206.000000,255.000000
modd/00111.jpg,boat,4,0.747260,-13.000000,187.000000,251.000000,333.000000
modd/00112.jpg,person,15,0.984161,24.000000,135.000000,137.000000,274.000000
modd/00112.jpg,person,15,0.974981,104.000000,146.000000,205.000000,254.000000
modd/00112.jpg,boat,4,0.843064,-13.000000,188.000000,250.000000,327.000000
modd/00113.jpg,person,15,0.993382,111.000000,143.000000,203.000000,253.000000
modd/00113.jpg,person,15,0.984782,26.000000,134.000000,136.000000,268.000000
modd/00113.jpg,boat,4,0.824256,-11.000000,189.000000,251.000000,324.000000
modd/00114.jpg,person,15,0.996676,111.000000,142.000000,201.000000,250.000000
modd/00114.jpg,person,15,0.989621,20.000000,134.000000,136.000000,266.000000
modd/00114.jpg,boat,4,0.846944,-11.000000,180.000000,251.000000,315.000000
modd/00115.jpg,person,15,0.996633,113.000000,139.000000,204.000000,247.000000
modd/00115.jpg,person,15,0.989403,21.000000,131.000000,135.000000,259.000000
modd/00115.jpg,boat,4,0.858469,-14.000000,182.000000,246.000000,306.000000
modd/00116.jpg,person,15,0.990071,23.000000,126.000000,133.000000,256.000000
modd/00116.jpg,person,15,0.981557,114.000000,135.000000,201.000000,242.000000
modd/00116.jpg,boat,4,0.882681,-16.000000,175.000000,242.000000,303.000000
modd/00117.jpg,person,15,0.990609,22.000000,124.000000,130.000000,255.000000
modd/00117.jpg,person,15,0.949316,109.000000,135.000000,196.000000,242.000000
modd/00117.jpg,boat,4,0.896913,-15.000000,175.000000,240.000000,297.000000
modd/00118.jpg,person,15,0.986035,24.000000,123.000000,133.000000,264.000000
modd/00118.jpg,person,15,0.929742,106.000000,128.000000,196.000000,250.000000
modd/00118.jpg,boat,4,0.880407,-13.000000,176.000000,237.000000,294.000000
modd/00119.jpg,person,15,0.974981,27.000000,123.000000,135.000000,264.000000
modd/00119.jpg,person,15,0.933776,110.000000,136.000000,195.000000,242.000000
modd/00119.jpg,boat,4,0.925333,-11.000000,176.000000,240.000000,296.000000
modd/00120.jpg,person,15,0.977175,23.000000,124.000000,127.000000,257.000000
modd/00120.jpg,person,15,0.919379,108.000000,130.000000,195.000000,251.000000
modd/00120.jpg,boat,4,0.905040,-10.000000,174.000000,246.000000,296.000000
modd/00121.jpg,person,15,0.984266,36.000000,133.000000,141.000000,258.000000
modd/00121.jpg,person,15,0.951658,115.000000,138.000000,209.000000,248.000000
modd/00121.jpg,boat,4,0.950209,-15.000000,177.000000,246.000000,306.000000
modd/00122.jpg,person,15,0.984365,123.000000,137.000000,214.000000,249.000000
modd/00122.jpg,person,15,0.974419,37.000000,135.000000,142.000000,258.000000
modd/00122.jpg,boat,4,0.945334,-23.000000,179.000000,251.000000,303.000000
modd/00123.jpg,person,15,0.975018,39.000000,132.000000,143.000000,253.000000
modd/00123.jpg,boat,4,0.957302,-22.000000,180.000000,254.000000,301.000000
modd/00123.jpg,person,15,0.955627,124.000000,138.000000,209.000000,246.000000
modd/00124.jpg,person,15,0.960420,47.000000,126.000000,150.000000,251.000000
modd/00124.jpg,person,15,0.908452,126.000000,128.000000,208.000000,250.000000
modd/00124.jpg,boat,4,0.862449,-18.000000,175.000000,252.000000,294.000000
modd/00125.jpg,person,15,0.976513,50.000000,125.000000,149.000000,250.000000
modd/00125.jpg,person,15,0.948783,131.000000,131.000000,210.000000,248.000000
modd/00125.jpg,boat,4,0.841227,-10.000000,159.000000,255.000000,298.000000
modd/00126.jpg,person,15,0.981374,54.000000,123.000000,152.000000,241.000000
modd/00126.jpg,person,15,0.935320,133.000000,126.000000,212.000000,242.000000
modd/00126.jpg,boat,4,0.911784,-12.000000,152.000000,260.000000,291.000000
modd/00127.jpg,person,15,0.966298,58.000000,121.000000,157.000000,243.000000
modd/00127.jpg,boat,4,0.916114,-24.000000,154.000000,258.000000,291.000000
modd/00127.jpg,person,15,0.832148,137.000000,121.000000,213.000000,240.000000
modd/00128.jpg,person,15,0.971823,58.000000,120.000000,157.000000,240.000000
modd/00128.jpg,person,15,0.906033,140.000000,128.000000,226.000000,232.000000
modd/00128.jpg,boat,4,0.902828,-17.000000,149.000000,260.000000,286.000000
modd/00129.jpg,person,15,0.993178,139.000000,131.000000,234.000000,235.000000
modd/00129.jpg,person,15,0.915569,61.000000,122.000000,157.000000,242.000000
modd/00129.jpg,boat,4,0.854066,-11.000000,152.000000,257.000000,291.000000
modd/00130.jpg,person,15,0.992398,129.000000,139.000000,237.000000,243.000000
modd/00130.jpg,boat,4,0.891594,-6.000000,149.000000,258.000000,291.000000
modd/00130.jpg,person,15,0.878698,62.000000,126.000000,160.000000,253.000000
modd/00131.jpg,person,15,0.996819,128.000000,136.000000,247.000000,242.000000
modd/00131.jpg,person,15,0.834886,65.000000,132.000000,160.000000,256.000000
modd/00131.jpg,boat,4,0.828514,-5.000000,160.000000,254.000000,297.000000
modd/00132.jpg,person,15,0.999158,131.000000,141.000000,255.000000,247.000000
modd/00132.jpg,boat,4,0.898794,-12.000000,187.000000,254.000000,295.000000
modd/00132.jpg,person,15,0.875844,62.000000,135.000000,159.000000,260.000000
modd/00133.jpg,person,15,0.999202,133.000000,145.000000,250.000000,253.000000
modd/00133.jpg,boat,4,0.948989,-11.000000,186.000000,254.000000,299.000000
modd/00133.jpg,person,15,0.942488,61.000000,135.000000,160.000000,261.000000
modd/00134.jpg,person,15,0.973805,134.000000,150.000000,246.000000,256.000000
modd/00134.jpg,person,15,0.830812,69.000000,140.000000,162.000000,261.000000
modd/00134.jpg,boat,4,0.803500,-16.000000,182.000000,258.000000,302.000000
modd/00135.jpg,boat,4,0.939744,5.000000,144.000000,256.000000,302.000000
modd/00135.jpg,person,15,0.779046,129.000000,155.000000,240.000000,257.000000
modd/00135.jpg,person,15,0.717211,69.000000,140.000000,163.000000,266.000000
modd/00136.jpg,person,15,0.947833,131.000000,154.000000,244.000000,262.000000
modd/00136.jpg,boat,4,0.805027,-21.000000,183.000000,257.000000,305.000000
modd/00136.jpg,person,15,0.731754,70.000000,146.000000,164.000000,264.000000
modd/00137.jpg,person,15,0.964367,134.000000,158.000000,249.000000,265.000000
modd/00137.jpg,person,15,0.922310,76.000000,150.000000,167.000000,273.000000
modd/00137.jpg,boat,4,0.846814,-19.000000,185.000000,260.000000,309.000000
modd/00138.jpg,person,15,0.991353,132.000000,167.000000,244.000000,264.000000
modd/00138.jpg,person,15,0.863502,74.000000,154.000000,164.000000,276.000000
modd/00138.jpg,boat,4,0.683831,-14.000000,186.000000,260.000000,310.000000
modd/00139.jpg,person,15,0.988647,134.000000,168.000000,245.000000,262.000000
modd/00139.jpg,person,15,0.918893,79.000000,155.000000,167.000000,274.000000
modd/00139.jpg,boat,4,0.749121,-6.000000,171.000000,256.000000,312.000000
modd/00140.jpg,person,15,0.980918,137.000000,167.000000,244.000000,262.000000
modd/00140.jpg,person,15,0.930182,79.000000,155.000000,166.000000,274.000000
modd/00140.jpg,boat,4,0.806622,-12.000000,188.000000,258.000000,308.000000
modd/00141.jpg,person,15,0.990539,138.000000,161.000000,250.000000,258.000000
modd/00141.jpg,boat,4,0.864178,-8.000000,183.000000,255.000000,299.000000
modd/00141.jpg,person,15,0.812278,81.000000,144.000000,169.000000,260.000000
modd/00142.jpg,person,15,0.924825,141.000000,156.000000,248.000000,252.000000
modd/00142.jpg,boat,4,0.900745,-12.000000,181.000000,255.000000,295.000000
modd/00142.jpg,person,15,0.771392,81.000000,151.000000,172.000000,269.000000
modd/00143.jpg,person,15,0.937426,145.000000,148.000000,241.000000,240.000000
modd/00143.jpg,person,15,0.869241,87.000000,132.000000,173.000000,252.000000
modd/00143.jpg,boat,4,0.742494,-5.000000,160.000000,258.000000,290.000000
modd/00144.jpg,boat,4,0.960274,-5.000000,155.000000,251.000000,277.000000
modd/00144.jpg,person,15,0.901086,139.000000,137.000000,242.000000,226.000000
modd/00144.jpg,person,15,0.829833,91.000000,126.000000,177.000000,243.000000
modd/00145.jpg,boat,4,0.926730,-3.000000,145.000000,253.000000,265.000000
modd/00145.jpg,person,15,0.841749,94.000000,116.000000,181.000000,239.000000
modd/00145.jpg,person,15,0.760290,142.000000,133.000000,236.000000,218.000000
modd/00146.jpg,boat,4,0.933472,1.000000,129.000000,256.000000,259.000000
modd/00146.jpg,person,15,0.861715,150.000000,124.000000,240.000000,211.000000
modd/00146.jpg,person,15,0.730034,95.000000,109.000000,181.000000,236.000000
modd/00147.jpg,boat,4,0.922214,7.000000,128.000000,262.000000,250.000000
modd/00147.jpg,person,15,0.752556,155.000000,116.000000,253.000000,205.000000
modd/00147.jpg,person,15,0.688850,104.000000,101.000000,185.000000,221.000000
modd/00148.jpg,boat,4,0.972653,11.000000,122.000000,263.000000,252.000000
modd/00148.jpg,person,15,0.715202,147.000000,115.000000,256.000000,207.000000
modd/00149.jpg,boat,4,0.989176,8.000000,151.000000,261.000000,271.000000
modd/00149.jpg,person,15,0.656430,99.000000,114.000000,179.000000,236.000000
modd/00150.jpg,boat,4,0.953075,12.000000,164.000000,262.000000,288.000000
modd/00150.jpg,person,15,0.743749,98.000000,135.000000,179.000000,255.000000
modd/00150.jpg,person,15,0.562188,61.000000,165.000000,116.000000,307.000000
modd/00151.jpg,boat,4,0.981231,19.000000,189.000000,262.000000,302.000000
modd/00151.jpg,person,15,0.832630,99.000000,151.000000,181.000000,271.000000
modd/00151.jpg,person,15,0.699705,152.000000,160.000000,234.000000,261.000000
modd/00152.jpg,boat,4,0.968729,21.000000,190.000000,261.000000,307.000000
modd/00152.jpg,person,15,0.863522,98.000000,162.000000,181.000000,277.000000
modd/00152.jpg,person,15,0.520914,131.000000,167.000000,243.000000,263.000000
modd/00153.jpg,boat,4,0.972098,25.000000,190.000000,268.000000,316.000000
modd/00153.jpg,person,15,0.794804,97.000000,159.000000,184.000000,282.000000
modd/00153.jpg,person,15,0.701558,145.000000,173.000000,247.000000,273.000000
modd/00154.jpg,boat,4,0.980882,17.000000,189.000000,263.000000,316.000000
modd/00154.jpg,person,15,0.833778,97.000000,159.000000,184.000000,281.000000
modd/00154.jpg,person,15,0.824368,151.000000,169.000000,231.000000,269.000000
modd/00155.jpg,boat,4,0.970663,20.000000,185.000000,256.000000,309.000000
modd/00155.jpg,person,15,0.765845,97.000000,155.000000,185.000000,274.000000
modd/00155.jpg,person,15,0.695922,138.000000,174.000000,246.000000,264.000000
modd/00156.jpg,boat,4,0.956496,23.000000,167.000000,266.000000,288.000000
modd/00156.jpg,person,15,0.894660,101.000000,144.000000,188.000000,263.000000
modd/00156.jpg,person,15,0.737098,138.000000,154.000000,247.000000,248.000000
modd/00157.jpg,boat,4,0.989372,24.000000,155.000000,267.000000,268.000000
modd/00157.jpg,person,15,0.890841,109.000000,128.000000,194.000000,245.000000
modd/00157.jpg,person,15,0.802199,155.000000,131.000000,236.000000,235.000000
modd/00158.jpg,boat,4,0.982574,29.000000,157.000000,265.000000,264.000000
modd/00158.jpg,person,15,0.853313,115.000000,129.000000,202.000000,240.000000
modd/00158.jpg,person,15,0.765837,160.000000,127.000000,254.000000,225.000000
modd/00159.jpg,boat,4,0.936156,36.000000,151.000000,274.000000,268.000000
modd/00159.jpg,person,15,0.662092,117.000000,136.000000,210.000000,241.000000
modd/00159.jpg,person,15,0.659799,160.000000,128.000000,238.000000,238.000000
modd/00160.jpg,boat,4,0.944875,33.000000,150.000000,270.000000,271.000000
modd/00161.jpg,boat,4,0.936320,42.000000,137.000000,275.000000,273.000000
modd/00161.jpg,person,15,0.780098,121.000000,137.000000,255.000000,247.000000
modd/00162.jpg,boat,4,0.974817,38.000000,133.000000,292.000000,262.000000
modd/00162.jpg,person,15,0.936689,116.000000,137.000000,255.000000,230.000000
modd/00163.jpg,boat,4,0.981920,38.000000,132.000000,280.000000,261.000000
modd/00163.jpg,person,15,0.927665,116.000000,136.000000,248.000000,229.000000
modd/00164.jpg,boat,4,0.946304,45.000000,137.000000,280.000000,271.000000
modd/00164.jpg,person,15,0.936639,118.000000,140.000000,256.000000,234.000000
modd/00165.jpg,boat,4,0.960982,46.000000,141.000000,281.000000,273.000000
modd/00165.jpg,person,15,0.956576,117.000000,142.000000,252.000000,239.000000
modd/00166.jpg,boat,4,0.984842,46.000000,153.000000,289.000000,283.000000
modd/00166.jpg,person,15,0.974134,120.000000,151.000000,240.000000,248.000000
modd/00167.jpg,boat,4,0.981801,47.000000,158.000000,271.000000,290.000000
modd/00167.jpg,person,15,0.959243,121.000000,157.000000,236.000000,260.000000
modd/00168.jpg,person,15,0.980413,119.000000,167.000000,245.000000,262.000000
modd/00168.jpg,boat,4,0.956170,46.000000,162.000000,282.000000,292.000000
modd/00169.jpg,boat,4,0.971141,47.000000,159.000000,285.000000,288.000000
modd/00169.jpg,person,15,0.952344,122.000000,163.000000,244.000000,259.000000
modd/00170.jpg,boat,4,0.943046,50.000000,150.000000,290.000000,279.000000
modd/00170.jpg,person,15,0.907782,124.000000,156.000000,241.000000,248.000000
modd/00171.jpg,boat,4,0.937220,52.000000,138.000000,284.000000,267.000000
modd/00171.jpg,person,15,0.887238,119.000000,147.000000,230.000000,239.000000
modd/00172.jpg,boat,4,0.947630,54.000000,133.000000,278.000000,260.000000
modd/00172.jpg,person,15,0.910712,124.000000,145.000000,249.000000,235.000000
modd/00173.jpg,boat,4,0.958306,49.000000,137.000000,276.000000,262.000000
modd/00173.jpg,person,15,0.826088,126.000000,144.000000,243.000000,236.000000
modd/00174.jpg,boat,4,0.932238,56.000000,136.000000,284.000000,262.000000
modd/00174.jpg,person,15,0.868256,133.000000,146.000000,242.000000,232.000000
modd/00175.jpg,boat,4,0.943343,55.000000,143.000000,270.000000,268.000000
modd/00175.jpg,person,15,0.836855,138.000000,144.000000,240.000000,237.000000
modd/00176.jpg,boat,4,0.940792,63.000000,151.000000,267.000000,271.000000
modd/00176.jpg,person,15,0.919470,143.000000,155.000000,242.000000,243.000000
modd/00177.jpg,boat,4,0.987418,67.000000,152.000000,267.000000,275.000000
modd/00177.jpg,person,15,0.706716,146.000000,156.000000,245.000000,246.000000
modd/00178.jpg,boat,4,0.983679,70.000000,153.000000,267.000000,279.000000
modd/00178.jpg,person,15,0.727635,143.000000,151.000000,242.000000,251.000000
modd/00179.jpg,boat,4,0.994901,70.000000,150.000000,267.000000,277.000000
modd/00179.jpg,person,15,0.758775,141.000000,149.000000,245.000000,250.000000
modd/00180.jpg,boat,4,0.994607,70.000000,146.000000,269.000000,273.000000
modd/00180.jpg,person,15,0.660824,147.000000,148.000000,244.000000,247.000000
modd/00181.jpg,boat,4,0.989177,74.000000,147.000000,270.000000,270.000000
modd/00181.jpg,person,15,0.711927,151.000000,149.000000,248.000000,247.000000
modd/00182.jpg,boat,4,0.984958,73.000000,139.000000,273.000000,266.000000
modd/00183.jpg,boat,4,0.952700,71.000000,143.000000,281.000000,262.000000
modd/00183.jpg,person,15,0.701176,122.000000,160.000000,168.000000,273.000000
modd/00184.jpg,boat,4,0.964062,71.000000,143.000000,283.000000,263.000000
modd/00184.jpg,person,15,0.734324,144.000000,141.000000,241.000000,238.000000
modd/00184.jpg,person,15,0.502001,122.000000,163.000000,168.000000,276.000000
modd/00185.jpg,boat,4,0.953451,69.000000,145.000000,280.000000,263.000000
modd/00185.jpg,person,15,0.828842,145.000000,141.000000,245.000000,237.000000
modd/00186.jpg,boat,4,0.944431,70.000000,146.000000,279.000000,263.000000
modd/00186.jpg,person,15,0.746468,146.000000,143.000000,247.000000,239.000000
modd/00187.jpg,boat,4,0.918514,69.000000,146.000000,277.000000,263.000000
modd/00187.jpg,person,15,0.827406,143.000000,144.000000,247.000000,239.000000
modd/00188.jpg,boat,4,0.836605,71.000000,147.000000,273.000000,263.000000
modd/00188.jpg,person,15,0.726575,139.000000,145.000000,247.000000,242.000000
modd/00189.jpg,person,15,0.793776,147.000000,139.000000,244.000000,233.000000
modd/00189.jpg,boat,4,0.702362,71.000000,144.000000,278.000000,262.000000
modd/00190.jpg,boat,4,0.883654,73.000000,144.000000,278.000000,260.000000
modd/00190.jpg,person,15,0.881143,144.000000,144.000000,245.000000,236.000000
modd/00191.jpg,boat,4,0.923560,73.000000,143.000000,281.000000,259.000000
modd/00191.jpg,person,15,0.881103,144.000000,145.000000,244.000000,236.000000
modd/00192.jpg,boat,4,0.979191,75.000000,142.000000,284.000000,256.000000
modd/00192.jpg,person,15,0.692790,145.000000,142.000000,247.000000,236.000000
modd/00193.jpg,boat,4,0.992233,75.000000,139.000000,286.000000,256.000000
modd/00193.jpg,person,15,0.733094,160.000000,141.000000,240.000000,231.000000
modd/00194.jpg,boat,4,0.995618,79.000000,140.000000,296.000000,255.000000
modd/00194.jpg,person,15,0.808031,157.000000,148.000000,245.000000,232.000000
modd/00195.jpg,boat,4,0.997057,83.000000,140.000000,294.000000,259.000000
modd/00195.jpg,person,15,0.753624,160.000000,150.000000,252.000000,235.000000
modd/00196.jpg,boat,4,0.993776,87.000000,144.000000,289.000000,263.000000
modd/00196.jpg,person,15,0.870217,164.000000,151.000000,254.000000,239.000000
modd/00197.jpg,boat,4,0.990293,87.000000,151.000000,292.000000,271.000000
modd/00197.jpg,person,15,0.748860,162.000000,162.000000,253.000000,251.000000
modd/00198.jpg,boat,4,0.993952,90.000000,155.000000,294.000000,277.000000
modd/00198.jpg,person,15,0.864233,165.000000,161.000000,249.000000,251.000000
modd/00199.jpg,boat,4,0.991770,88.000000,165.000000,291.000000,282.000000
modd/00199.jpg,person,15,0.936164,162.000000,170.000000,252.000000,261.000000
modd/00200.jpg,boat,4,0.971560,89.000000,169.000000,285.000000,283.000000
modd/00200.jpg,person,15,0.921338,161.000000,169.000000,253.000000,262.000000
modd/00201.jpg,boat,4,0.922308,91.000000,176.000000,288.000000,281.000000
modd/00201.jpg,person,15,0.887588,142.000000,171.000000,258.000000,261.000000
modd/00202.jpg,boat,4,0.938988,90.000000,173.000000,291.000000,279.000000
modd/00202.jpg,person,15,0.827610,137.000000,170.000000,259.000000,260.000000
modd/00203.jpg,boat,4,0.926333,90.000000,163.000000,289.000000,272.000000
modd/00203.jpg,person,15,0.872603,146.000000,163.000000,264.000000,251.000000
modd/00203.jpg,boat,4,0.634612,221.000000,195.000000,306.000000,265.000000
modd/00204.jpg,boat,4,0.975013,90.000000,155.000000,291.000000,267.000000
modd/00205.jpg,person,15,0.909456,137.000000,152.000000,259.000000,245.000000
modd/00205.jpg,boat,4,0.854083,90.000000,153.000000,282.000000,258.000000
modd/00206.jpg,person,15,0.944816,151.000000,149.000000,261.000000,241.000000
modd/00206.jpg,boat,4,0.858351,90.000000,147.000000,282.000000,256.000000
modd/00207.jpg,boat,4,0.966304,90.000000,142.000000,277.000000,253.000000
modd/00207.jpg,person,15,0.738269,134.000000,139.000000,263.000000,233.000000
modd/00208.jpg,boat,4,0.986129,89.000000,138.000000,278.000000,249.000000
modd/00209.jpg,boat,4,0.949074,92.000000,140.000000,276.000000,251.000000
modd/00209.jpg,person,15,0.699112,139.000000,138.000000,263.000000,238.000000
modd/00210.jpg,boat,4,0.871291,97.000000,145.000000,280.000000,260.000000
modd/00210.jpg,person,15,0.555666,180.000000,146.000000,266.000000,239.000000
modd/00211.jpg,boat,4,0.844739,98.000000,143.000000,284.000000,262.000000
modd/00211.jpg,person,15,0.517509,185.000000,152.000000,263.000000,244.000000
modd/00212.jpg,boat,4,0.784036,100.000000,152.000000,273.000000,261.000000
modd/00212.jpg,person,15,0.621937,143.000000,153.000000,267.000000,251.000000
modd/00213.jpg,boat,4,0.837647,100.000000,153.000000,271.000000,263.000000
modd/00214.jpg,boat,4,0.787225,102.000000,148.000000,285.000000,261.000000
modd/00215.jpg,boat,4,0.846571,102.000000,146.000000,276.000000,261.000000
modd/00216.jpg,boat,4,0.786318,112.000000,144.000000,279.000000,259.000000
modd/00217.jpg,boat,4,0.703368,108.000000,142.000000,303.000000,250.000000
modd/00218.jpg,boat,4,0.840799,111.000000,137.000000,308.000000,245.000000
modd/00218.jpg,person,15,0.657324,171.000000,140.000000,269.000000,237.000000
modd/00219.jpg,boat,4,0.929983,115.000000,134.000000,313.000000,242.000000
modd/00219.jpg,person,15,0.677166,171.000000,139.000000,275.000000,236.000000
modd/00220.jpg,person,15,0.941294,160.000000,142.000000,292.000000,236.000000
modd/00220.jpg,boat,4,0.941091,118.000000,139.000000,310.000000,245.000000
modd/00221.jpg,boat,4,0.935806,118.000000,141.000000,311.000000,246.000000
modd/00221.jpg,person,15,0.895462,156.000000,143.000000,290.000000,238.000000
modd/00222.jpg,person,15,0.883528,156.000000,152.000000,291.000000,243.000000
modd/00222.jpg,boat,4,0.693675,106.000000,151.000000,308.000000,251.000000
modd/00223.jpg,boat,4,0.822696,104.000000,148.000000,304.000000,255.000000
modd/00223.jpg,person,15,0.513370,147.000000,153.000000,285.000000,246.000000
modd/00224.jpg,boat,4,0.929329,110.000000,168.000000,304.000000,265.000000
modd/00224.jpg,person,15,0.700497,139.000000,165.000000,292.000000,253.000000
modd/00225.jpg,boat,4,0.808803,110.000000,172.000000,296.000000,268.000000
modd/00225.jpg,person,15,0.699092,150.000000,167.000000,286.000000,255.000000
modd/00226.jpg,person,15,0.932098,153.000000,176.000000,291.000000,261.000000
modd/00226.jpg,boat,4,0.725330,108.000000,174.000000,294.000000,274.000000
modd/00227.jpg,boat,4,0.813156,114.000000,159.000000,295.000000,264.000000
modd/00227.jpg,person,15,0.728742,152.000000,161.000000,280.000000,250.000000
modd/00228.jpg,boat,4,0.829679,115.000000,150.000000,295.000000,258.000000
modd/00228.jpg,person,15,0.680025,186.000000,152.000000,282.000000,241.000000
modd/00228.jpg,boat,4,0.533469,225.000000,200.000000,316.000000,263.000000
modd/00229.jpg,person,15,0.851105,168.000000,153.000000,282.000000,238.000000
modd/00229.jpg,boat,4,0.619282,117.000000,150.000000,299.000000,257.000000
modd/00229.jpg,boat,4,0.589252,231.000000,196.000000,319.000000,255.000000
modd/00230.jpg,person,15,0.761839,185.000000,143.000000,288.000000,230.000000
modd/00230.jpg,boat,4,0.752594,233.000000,190.000000,322.000000,253.000000
modd/00230.jpg,boat,4,0.716946,120.000000,149.000000,304.000000,254.000000
modd/00231.jpg,person,15,0.713719,188.000000,145.000000,287.000000,235.000000
modd/00231.jpg,boat,4,0.650828,137.000000,147.000000,295.000000,247.000000
modd/00232.jpg,person,15,0.815186,190.000000,144.000000,289.000000,242.000000
modd/00232.jpg,boat,4,0.706131,125.000000,144.000000,308.000000,251.000000
modd/00233.jpg,person,15,0.785199,192.000000,144.000000,288.000000,237.000000
modd/00233.jpg,boat,4,0.586576,113.000000,159.000000,308.000000,255.000000
modd/00234.jpg,person,15,0.872488,190.000000,144.000000,291.000000,236.000000
modd/00234.jpg,boat,4,0.639422,127.000000,148.000000,306.000000,254.000000
modd/00235.jpg,person,15,0.690527,179.000000,144.000000,280.000000,238.000000
modd/00235.jpg,boat,4,0.580207,127.000000,148.000000,306.000000,254.000000
modd/00236.jpg,person,15,0.704967,179.000000,140.000000,281.000000,238.000000
modd/00236.jpg,boat,4,0.689418,129.000000,146.000000,304.000000,252.000000
modd/00237.jpg,person,15,0.813423,180.000000,142.000000,281.000000,238.000000
modd/00237.jpg,boat,4,0.678172,130.000000,143.000000,307.000000,251.000000
modd/00238.jpg,person,15,0.792031,178.000000,141.000000,282.000000,238.000000
modd/00238.jpg,boat,4,0.764961,127.000000,143.000000,305.000000,251.000000
modd/00239.jpg,person,15,0.804505,184.000000,145.000000,289.000000,233.000000
modd/00239.jpg,boat,4,0.741160,128.000000,144.000000,303.000000,250.000000
modd/00239.jpg,boat,4,0.578704,231.000000,185.000000,324.000000,250.000000
modd/00240.jpg,boat,4,0.846307,128.000000,145.000000,303.000000,251.000000
modd/00240.jpg,person,15,0.842025,185.000000,148.000000,291.000000,232.000000
modd/00240.jpg,boat,4,0.587785,231.000000,195.000000,321.000000,254.000000
modd/00241.jpg,boat,4,0.925188,125.000000,153.000000,305.000000,259.000000
modd/00241.jpg,person,15,0.806428,194.000000,154.000000,291.000000,244.000000
modd/00241.jpg,boat,4,0.570333,232.000000,203.000000,319.000000,262.000000
modd/00242.jpg,person,15,0.896369,185.000000,160.000000,287.000000,250.000000
modd/00242.jpg,boat,4,0.785887,230.000000,215.000000,315.000000,273.000000
modd/00242.jpg,boat,4,0.763107,124.000000,161.000000,305.000000,265.000000
modd/00243.jpg,person,15,0.957700,188.000000,157.000000,298.000000,248.000000
modd/00243.jpg,boat,4,0.668195,128.000000,161.000000,314.000000,260.000000
modd/00244.jpg,person,15,0.934202,189.000000,152.000000,291.000000,243.000000
modd/00244.jpg,boat,4,0.589169,130.000000,156.000000,306.000000,257.000000
modd/00245.jpg,person,15,0.950294,188.000000,147.000000,288.000000,245.000000
modd/00245.jpg,boat,4,0.557224,139.000000,150.000000,313.000000,252.000000
modd/00246.jpg,person,15,0.864539,183.000000,146.000000,290.000000,237.000000
modd/00246.jpg,boat,4,0.743403,138.000000,147.000000,312.000000,250.000000
modd/00247.jpg,person,15,0.862161,181.000000,147.000000,293.000000,241.000000
modd/00247.jpg,boat,4,0.705784,140.000000,150.000000,318.000000,252.000000
modd/00248.jpg,person,15,0.956024,197.000000,142.000000,294.000000,234.000000
modd/00248.jpg,boat,4,0.731328,138.000000,149.000000,319.000000,254.000000
modd/00249.jpg,person,15,0.940256,198.000000,152.000000,295.000000,251.000000
modd/00249.jpg,boat,4,0.543158,136.000000,156.000000,331.000000,255.000000
modd/00250.jpg,person,15,0.865452,184.000000,161.000000,288.000000,252.000000
modd/00250.jpg,boat,4,0.615385,143.000000,157.000000,299.000000,264.000000
modd/00251.jpg,person,15,0.963305,198.000000,166.000000,292.000000,260.000000
modd/00251.jpg,boat,4,0.699321,135.000000,168.000000,327.000000,270.000000
modd/00252.jpg,person,15,0.954888,199.000000,169.000000,290.000000,261.000000
modd/00252.jpg,boat,4,0.659235,137.000000,173.000000,327.000000,273.000000
modd/00253.jpg,person,15,0.971165,203.000000,171.000000,291.000000,264.000000
modd/00253.jpg,boat,4,0.552102,140.000000,173.000000,327.000000,275.000000
modd/00254.jpg,person,15,0.948792,203.000000,156.000000,291.000000,251.000000
modd/00254.jpg,boat,4,0.738162,137.000000,154.000000,330.000000,257.000000
modd/00255.jpg,person,15,0.973949,195.000000,141.000000,305.000000,239.000000
modd/00256.jpg,person,15,0.962829,198.000000,151.000000,298.000000,247.000000
modd/00257.jpg,person,15,0.926462,207.000000,147.000000,304.000000,244.000000
modd/00258.jpg,person,15,0.972668,209.000000,149.000000,307.000000,246.000000
modd/00259.jpg,person,15,0.950383,211.000000,146.000000,305.000000,239.000000
modd/00260.jpg,person,15,0.868712,212.000000,144.000000,305.000000,240.000000
modd/00260.jpg,boat,4,0.618931,159.000000,144.000000,308.000000,252.000000
modd/00261.jpg,person,15,0.934515,216.000000,145.000000,298.000000,239.000000
modd/00261.jpg,boat,4,0.714364,155.000000,143.000000,309.000000,254.000000
modd/00262.jpg,person,15,0.967936,215.000000,153.000000,299.000000,250.000000
modd/00262.jpg,boat,4,0.674613,156.000000,150.000000,310.000000,256.000000
modd/00263.jpg,person,15,0.972849,219.000000,158.000000,298.000000,248.000000
modd/00263.jpg,boat,4,0.761730,150.000000,149.000000,334.000000,260.000000
modd/00264.jpg,person,15,0.961263,218.000000,162.000000,300.000000,255.000000
modd/00264.jpg,boat,4,0.692472,156.000000,159.000000,340.000000,267.000000
modd/00264.jpg,boat,4,0.556780,248.000000,217.000000,353.000000,271.000000
modd/00265.jpg,person,15,0.973658,217.000000,166.000000,302.000000,264.000000
modd/00265.jpg,boat,4,0.791391,155.000000,157.000000,338.000000,268.000000
modd/00265.jpg,boat,4,0.516544,246.000000,216.000000,355.000000,266.000000
modd/00266.jpg,boat,4,0.912361,150.000000,164.000000,334.000000,275.000000
modd/00266.jpg,person,15,0.900522,212.000000,167.000000,296.000000,269.000000
modd/00267.jpg,person,15,0.929202,219.000000,166.000000,296.000000,264.000000
modd/00267.jpg,boat,4,0.801637,154.000000,161.000000,330.000000,273.000000
modd/00267.jpg,boat,4,0.577723,249.000000,228.000000,351.000000,277.000000
modd/00268.jpg,person,15,0.956594,214.000000,166.000000,294.000000,270.000000
modd/00268.jpg,boat,4,0.863356,158.000000,165.000000,307.000000,277.000000
modd/00268.jpg,boat,4,0.641927,252.000000,227.000000,352.000000,276.000000
modd/00269.jpg,person,15,0.961032,216.000000,163.000000,295.000000,268.000000
modd/00269.jpg,boat,4,0.778551,158.000000,167.000000,305.000000,276.000000
modd/00269.jpg,boat,4,0.565506,252.000000,226.000000,352.000000,275.000000
modd/00270.jpg,person,15,0.902780,215.000000,168.000000,292.000000,270.000000
modd/00270.jpg,boat,4,0.766180,155.000000,160.000000,310.000000,274.000000
modd/00271.jpg,person,15,0.863608,217.000000,158.000000,297.000000,258.000000
modd/00271.jpg,boat,4,0.787012,157.000000,156.000000,311.000000,266.000000
modd/00272.jpg,boat,4,0.831958,160.000000,151.000000,310.000000,258.000000
modd/00272.jpg,person,15,0.781163,213.000000,153.000000,297.000000,255.000000
modd/00273.jpg,boat,4,0.836976,157.000000,141.000000,314.000000,260.000000
modd/00273.jpg,person,15,0.709421,218.000000,154.000000,300.000000,250.000000
modd/00274.jpg,boat,4,0.920963,152.000000,136.000000,308.000000,249.000000
modd/00274.jpg,person,15,0.677537,224.000000,146.000000,299.000000,239.000000
modd/00275.jpg,boat,4,0.918826,156.000000,132.000000,306.000000,245.000000
modd/00275.jpg,person,15,0.615729,223.000000,134.000000,305.000000,242.000000
modd/00275.jpg,boat,4,0.565983,252.000000,199.000000,350.000000,250.000000
modd/00276.jpg,person,15,0.798644,221.000000,140.000000,304.000000,231.000000
modd/00276.jpg,boat,4,0.744727,158.000000,127.000000,307.000000,241.000000
modd/00276.jpg,boat,4,0.584812,251.000000,187.000000,353.000000,240.000000
modd/00277.jpg,boat,4,0.619830,150.000000,127.000000,314.000000,240.000000
modd/00277.jpg,person,15,0.619541,225.000000,136.000000,288.000000,219.000000
modd/00277.jpg,boat,4,0.559392,254.000000,186.000000,356.000000,238.000000
modd/00278.jpg,boat,4,0.796100,157.000000,126.000000,312.000000,241.000000
modd/00278.jpg,boat,4,0.731813,254.000000,188.000000,356.000000,243.000000
modd/00278.jpg,person,15,0.592265,224.000000,135.000000,288.000000,220.000000
modd/00279.jpg,boat,4,0.898789,164.000000,132.000000,321.000000,246.000000
modd/00279.jpg,boat,4,0.770888,263.000000,198.000000,358.000000,248.000000
modd/00279.jpg,person,15,0.681972,229.000000,141.000000,288.000000,230.000000
modd/00280.jpg,boat,4,0.861753,164.000000,138.000000,314.000000,252.000000
modd/00280.jpg,person,15,0.738183,233.000000,146.000000,292.000000,234.000000
modd/00280.jpg,boat,4,0.622895,260.000000,204.000000,361.000000,254.000000
modd/00281.jpg,person,15,0.872218,227.000000,149.000000,287.000000,237.000000
modd/00281.jpg,boat,4,0.793078,164.000000,143.000000,318.000000,263.000000
modd/00281.jpg,boat,4,0.743880,264.000000,202.000000,364.000000,257.000000
modd/00282.jpg,person,15,0.914344,233.000000,155.000000,291.000000,243.000000
modd/00282.jpg,boat,4,0.737268,270.000000,213.000000,366.000000,260.000000
modd/00282.jpg,boat,4,0.569588,166.000000,149.000000,316.000000,262.000000
modd/00283.jpg,person,15,0.896144,233.000000,162.000000,291.000000,246.000000
modd/00283.jpg,boat,4,0.682074,269.000000,217.000000,365.000000,264.000000
modd/00283.jpg,boat,4,0.670798,168.000000,152.000000,316.000000,264.000000
modd/00284.jpg,boat,4,0.869903,172.000000,157.000000,310.000000,270.000000
modd/00284.jpg,person,15,0.760416,230.000000,156.000000,291.000000,245.000000
modd/00285.jpg,boat,4,0.831546,174.000000,158.000000,313.000000,269.000000
modd/00285.jpg,person,15,0.768081,232.000000,158.000000,291.000000,243.000000
modd/00286.jpg,person,15,0.877983,228.000000,161.000000,293.000000,249.000000
modd/00286.jpg,boat,4,0.629690,175.000000,156.000000,299.000000,260.000000
modd/00286.jpg,boat,4,0.624002,265.000000,222.000000,367.000000,276.000000
modd/00287.jpg,person,15,0.855789,231.000000,157.000000,292.000000,243.000000
modd/00287.jpg,boat,4,0.691150,267.000000,216.000000,369.000000,268.000000
modd/00287.jpg,boat,4,0.679612,174.000000,151.000000,312.000000,259.000000
modd/00287.jpg,person,15,0.579729,206.000000,147.000000,254.000000,261.000000
modd/00288.jpg,person,15,0.878383,225.000000,152.000000,291.000000,236.000000
modd/00288.jpg,boat,4,0.688742,174.000000,144.000000,310.000000,257.000000
modd/00288.jpg,boat,4,0.573758,276.000000,210.000000,370.000000,260.000000
modd/00289.jpg,person,15,0.807616,227.000000,144.000000,291.000000,231.000000
modd/00289.jpg,boat,4,0.544299,276.000000,207.000000,370.000000,259.000000
modd/00289.jpg,boat,4,0.513882,175.000000,143.000000,306.000000,253.000000
modd/00290.jpg,person,15,0.736625,235.000000,144.000000,293.000000,228.000000
modd/00290.jpg,boat,4,0.648676,264.000000,205.000000,365.000000,261.000000
modd/00290.jpg,boat,4,0.509518,176.000000,144.000000,309.000000,252.000000
modd/00291.jpg,person,15,0.846981,232.000000,145.000000,292.000000,230.000000
modd/00291.jpg,boat,4,0.669215,175.000000,148.000000,312.000000,256.000000
modd/00291.jpg,boat,4,0.602811,265.000000,209.000000,366.000000,265.000000
modd/00292.jpg,person,15,0.923719,237.000000,148.000000,297.000000,230.000000
modd/00292.jpg,boat,4,0.641884,271.000000,210.000000,368.000000,262.000000
modd/00292.jpg,boat,4,0.610570,173.000000,153.000000,316.000000,254.000000
modd/00293.jpg,person,15,0.929120,233.000000,150.000000,299.000000,236.000000
modd/00293.jpg,boat,4,0.683445,273.000000,213.000000,366.000000,260.000000
modd/00293.jpg,boat,4,0.641385,178.000000,153.000000,315.000000,255.000000
modd/00294.jpg,person,15,0.906529,237.000000,154.000000,305.000000,236.000000
modd/00294.jpg,boat,4,0.830008,166.000000,162.000000,319.000000,253.000000
modd/00294.jpg,boat,4,0.722192,276.000000,212.000000,371.000000,264.000000
modd/00295.jpg,person,15,0.964641,239.000000,155.000000,306.000000,236.000000
modd/00295.jpg,boat,4,0.739474,278.000000,213.000000,373.000000,265.000000
modd/00295.jpg,boat,4,0.739039,168.000000,154.000000,322.000000,255.000000
modd/00296.jpg,boat,4,0.967398,170.000000,153.000000,324.000000,260.000000
modd/00296.jpg,person,15,0.733928,239.000000,156.000000,307.000000,242.000000
modd/00296.jpg,boat,4,0.588446,279.000000,216.000000,373.000000,269.000000
modd/00297.jpg,boat,4,0.889292,173.000000,154.000000,323.000000,259.000000
modd/00297.jpg,person,15,0.805849,242.000000,160.000000,309.000000,245.000000
modd/00297.jpg,boat,4,0.528546,280.000000,213.000000,378.000000,272.000000
modd/00298.jpg,person,15,0.857319,239.000000,161.000000,313.000000,251.000000
modd/00298.jpg,boat,4,0.813078,179.000000,159.000000,323.000000,260.000000
modd/00298.jpg,boat,4,0.748703,284.000000,215.000000,387.000000,276.000000
modd/00299.jpg,person,15,0.807413,230.000000,152.000000,313.000000,256.000000
modd/00299.jpg,boat,4,0.798113,196.000000,162.000000,320.000000,261.000000
modd/00299.jpg,boat,4,0.630421,284.000000,215.000000,385.000000,272.000000
modd/00300.jpg,boat,4,0.936632,180.000000,161.000000,327.000000,260.000000
modd/00300.jpg,person,15,0.656822,220.000000,157.000000,282.000000,251.000000
modd/00301.jpg,boat,4,0.893271,183.000000,159.000000,322.000000,260.000000
modd/00301.jpg,person,15,0.674453,226.000000,152.000000,314.000000,242.000000
modd/00301.jpg,boat,4,0.637862,284.000000,219.000000,376.000000,269.000000
modd/00302.jpg,boat,4,0.731029,189.000000,160.000000,321.000000,251.000000
modd/00302.jpg,person,15,0.726089,210.000000,148.000000,311.000000,233.000000
modd/00302.jpg,boat,4,0.673890,289.000000,212.000000,378.000000,261.000000
modd/00303.jpg,boat,4,0.845270,186.000000,159.000000,317.000000,252.000000
modd/00303.jpg,person,15,0.620122,209.000000,144.000000,308.000000,226.000000
modd/00303.jpg,boat,4,0.554994,284.000000,208.000000,378.000000,260.000000
modd/00304.jpg,boat,4,0.777826,192.000000,152.000000,317.000000,251.000000
modd/00304.jpg,person,15,0.698488,215.000000,150.000000,296.000000,231.000000
modd/00304.jpg,boat,4,0.664042,286.000000,203.000000,377.000000,258.000000
modd/00305.jpg,boat,4,0.864305,184.000000,148.000000,317.000000,250.000000
modd/00305.jpg,person,15,0.772255,221.000000,143.000000,299.000000,224.000000
modd/00305.jpg,boat,4,0.535981,284.000000,205.000000,375.000000,255.000000
modd/00306.jpg,boat,4,0.959454,184.000000,151.000000,321.000000,246.000000
modd/00306.jpg,person,15,0.832951,222.000000,141.000000,292.000000,224.000000
modd/00306.jpg,boat,4,0.530768,286.000000,199.000000,376.000000,250.000000
modd/00307.jpg,boat,4,0.944341,182.000000,145.000000,320.000000,248.000000
modd/00307.jpg,person,15,0.693858,219.000000,134.000000,287.000000,218.000000
modd/00307.jpg,boat,4,0.636320,288.000000,199.000000,376.000000,250.000000
modd/00308.jpg,boat,4,0.926739,183.000000,145.000000,318.000000,247.000000
modd/00308.jpg,boat,4,0.638792,287.000000,200.000000,378.000000,252.000000
modd/00309.jpg,boat,4,0.898360,180.000000,144.000000,324.000000,250.000000
modd/00309.jpg,boat,4,0.589783,288.000000,203.000000,378.000000,255.000000
modd/00310.jpg,boat,4,0.897353,183.000000,144.000000,322.000000,250.000000
modd/00310.jpg,person,15,0.510450,223.000000,133.000000,298.000000,221.000000
modd/00311.jpg,boat,4,0.847123,183.000000,141.000000,329.000000,250.000000
modd/00311.jpg,boat,4,0.554610,296.000000,203.000000,385.000000,259.000000
modd/00312.jpg,boat,4,0.907001,185.000000,138.000000,333.000000,253.000000
modd/00312.jpg,boat,4,0.609705,298.000000,205.000000,387.000000,260.000000
modd/00313.jpg,boat,4,0.787347,186.000000,142.000000,327.000000,253.000000
modd/00313.jpg,boat,4,0.626712,299.000000,207.000000,387.000000,262.000000
modd/00314.jpg,boat,4,0.758724,186.000000,145.000000,327.000000,253.000000
modd/00314.jpg,boat,4,0.661718,288.000000,210.000000,374.000000,262.000000
modd/00315.jpg,boat,4,0.774709,192.000000,148.000000,319.000000,252.000000
modd/00315.jpg,boat,4,0.695572,289.000000,211.000000,375.000000,262.000000
modd/00316.jpg,boat,4,0.724409,194.000000,149.000000,320.000000,253.000000
modd/00316.jpg,boat,4,0.704264,290.000000,212.000000,377.000000,261.000000
modd/00316.jpg,person,15,0.541156,213.000000,150.000000,297.000000,229.000000
modd/00317.jpg,boat,4,0.668638,189.000000,160.000000,327.000000,256.000000
modd/00317.jpg,person,15,0.662958,217.000000,146.000000,300.000000,231.000000
modd/00317.jpg,boat,4,0.550030,291.000000,214.000000,374.000000,261.000000
modd/00318.jpg,boat,4,0.678415,186.000000,168.000000,328.000000,258.000000
modd/00318.jpg,person,15,0.654712,234.000000,155.000000,293.000000,234.000000
modd/00319.jpg,boat,4,0.763344,184.000000,167.000000,333.000000,258.000000
modd/00319.jpg,person,15,0.700366,242.000000,156.000000,298.000000,235.000000
modd/00320.jpg,boat,4,0.829052,185.000000,168.000000,331.000000,257.000000
modd/00320.jpg,person,15,0.579357,237.000000,157.000000,303.000000,236.000000
modd/00320.jpg,boat,4,0.534975,292.000000,215.000000,374.000000,263.000000
modd/00321.jpg,boat,4,0.799007,188.000000,165.000000,332.000000,258.000000
modd/00321.jpg,person,15,0.731175,233.000000,151.000000,311.000000,231.000000
modd/00321.jpg,boat,4,0.578668,292.000000,216.000000,379.000000,265.000000
modd/00322.jpg,person,15,0.728429,235.000000,151.000000,307.000000,233.000000
modd/00322.jpg,boat,4,0.700307,292.000000,216.000000,381.000000,265.000000
modd/00322.jpg,boat,4,0.660107,190.000000,168.000000,332.000000,259.000000
modd/00323.jpg,boat,4,0.801578,187.000000,171.000000,337.000000,256.000000
modd/00323.jpg,boat,4,0.730658,296.000000,213.000000,383.000000,262.000000
modd/00323.jpg,person,15,0.518061,237.000000,155.000000,301.000000,234.000000
modd/00324.jpg,boat,4,0.797455,295.000000,209.000000,388.000000,265.000000
modd/00324.jpg,boat,4,0.776424,192.000000,168.000000,340.000000,256.000000
modd/00324.jpg,person,15,0.643179,252.000000,159.000000,319.000000,240.000000
modd/00325.jpg,boat,4,0.810537,192.000000,168.000000,343.000000,255.000000
modd/00325.jpg,boat,4,0.769331,295.000000,209.000000,391.000000,263.000000
modd/00325.jpg,person,15,0.506088,246.000000,155.000000,320.000000,234.000000
modd/00326.jpg,boat,4,0.788160,297.000000,205.000000,392.000000,262.000000
modd/00326.jpg,boat,4,0.537235,197.000000,170.000000,351.000000,257.000000
modd/00327.jpg,boat,4,0.727926,300.000000,201.000000,393.000000,261.000000
modd/00327.jpg,boat,4,0.543848,195.000000,170.000000,345.000000,256.000000
modd/00327.jpg,person,15,0.516370,237.000000,153.000000,316.000000,229.000000
modd/00328.jpg,boat,4,0.710147,299.000000,197.000000,394.000000,261.000000
modd/00328.jpg,boat,4,0.704980,196.000000,166.000000,344.000000,255.000000
modd/00329.jpg,boat,4,0.770926,195.000000,166.000000,346.000000,257.000000
modd/00329.jpg,boat,4,0.731438,299.000000,195.000000,395.000000,261.000000
modd/00330.jpg,boat,4,0.649630,301.000000,203.000000,391.000000,265.000000
modd/00330.jpg,person,15,0.525860,245.000000,147.000000,309.000000,235.000000
modd/00330.jpg,boat,4,0.515141,202.000000,170.000000,344.000000,254.000000
modd/00331.jpg,boat,4,0.662589,301.000000,203.000000,391.000000,263.000000
modd/00331.jpg,person,15,0.649798,243.000000,147.000000,309.000000,235.000000
modd/00332.jpg,boat,4,0.512631,206.000000,155.000000,341.000000,247.000000
modd/00333.jpg,boat,4,0.786038,206.000000,153.000000,347.000000,245.000000
modd/00334.jpg,boat,4,0.731868,210.000000,159.000000,347.000000,241.000000
modd/00334.jpg,boat,4,0.598016,310.000000,192.000000,400.000000,247.000000
modd/00334.jpg,person,15,0.582223,248.000000,137.000000,312.000000,223.000000
modd/00335.jpg,boat,4,0.627373,314.000000,193.000000,402.000000,249.000000
modd/00335.jpg,person,15,0.570652,241.000000,139.000000,323.000000,222.000000
modd/00335.jpg,boat,4,0.535743,212.000000,154.000000,346.000000,240.000000
modd/00336.jpg,person,15,0.749781,252.000000,154.000000,320.000000,235.000000
modd/00336.jpg,boat,4,0.523624,208.000000,167.000000,344.000000,250.000000
modd/00337.jpg,boat,4,0.668724,206.000000,170.000000,346.000000,251.000000
modd/00338.jpg,boat,4,0.648720,317.000000,206.000000,402.000000,265.000000
modd/00338.jpg,boat,4,0.632563,210.000000,171.000000,342.000000,252.000000
modd/00339.jpg,person,15,0.686238,249.000000,158.000000,318.000000,231.000000
modd/00339.jpg,boat,4,0.548455,316.000000,205.000000,401.000000,263.000000
modd/00340.jpg,person,15,0.671668,252.000000,155.000000,319.000000,236.000000
modd/00340.jpg,boat,4,0.649216,209.000000,162.000000,342.000000,248.000000
modd/00340.jpg,boat,4,0.600758,320.000000,205.000000,407.000000,265.000000
modd/00341.jpg,boat,4,0.708589,208.000000,161.000000,343.000000,249.000000
modd/00341.jpg,boat,4,0.526803,309.000000,205.000000,399.000000,262.000000
modd/00342.jpg,boat,4,0.618707,314.000000,205.000000,406.000000,261.000000
modd/00343.jpg,person,15,0.684681,249.000000,159.000000,319.000000,225.000000
modd/00343.jpg,boat,4,0.595757,202.000000,190.000000,347.000000,251.000000
modd/00344.jpg,boat,4,0.599473,206.000000,198.000000,347.000000,263.000000
modd/00345.jpg,boat,4,0.528130,204.000000,198.000000,349.000000,265.000000
modd/00346.jpg,boat,4,0.579439,214.000000,201.000000,351.000000,255.000000
modd/00346.jpg,person,15,0.503926,259.000000,168.000000,326.000000,245.000000
modd/00347.jpg,boat,4,0.618276,211.000000,203.000000,349.000000,262.000000
modd/00348.jpg,boat,4,0.739851,210.000000,193.000000,354.000000,255.000000
modd/00348.jpg,person,15,0.537431,258.000000,163.000000,327.000000,229.000000
modd/00349.jpg,boat,4,0.554533,211.000000,190.000000,359.000000,247.000000
modd/00349.jpg,person,15,0.512643,267.000000,159.000000,323.000000,238.000000
modd/00349.jpg,boat,4,0.501072,338.000000,208.000000,423.000000,263.000000
modd/00350.jpg,boat,4,0.730851,213.000000,182.000000,352.000000,243.000000
modd/00351.jpg,boat,4,0.574076,212.000000,179.000000,350.000000,234.000000
modd/00352.jpg,boat,4,0.554716,332.000000,189.000000,426.000000,243.000000
modd/00353.jpg,boat,4,0.561495,333.000000,188.000000,425.000000,244.000000
modd/00354.jpg,boat,4,0.506881,222.000000,150.000000,351.000000,230.000000
modd/00356.jpg,boat,4,0.633018,223.000000,190.000000,360.000000,243.000000
modd/00357.jpg,boat,4,0.714904,227.000000,184.000000,359.000000,241.000000
modd/00357.jpg,boat,4,0.532738,347.000000,202.000000,445.000000,259.000000
modd/00358.jpg,boat,4,0.716436,227.000000,183.000000,359.000000,241.000000
modd/00359.jpg,boat,4,0.548456,231.000000,179.000000,362.000000,235.000000
modd/00361.jpg,boat,4,0.617934,364.000000,210.000000,461.000000,263.000000
modd/00365.jpg,boat,4,0.566860,236.000000,195.000000,359.000000,243.000000
modd/00366.jpg,boat,4,0.579115,235.000000,193.000000,358.000000,241.000000
modd/00367.jpg,boat,4,0.658431,236.000000,192.000000,359.000000,239.000000
modd/00368.jpg,boat,4,0.618244,236.000000,184.000000,357.000000,233.000000
modd/00368.jpg,boat,4,0.512793,375.000000,211.000000,464.000000,262.000000
modd/00369.jpg,boat,4,0.640940,239.000000,180.000000,360.000000,231.000000
modd/00370.jpg,boat,4,0.595119,240.000000,180.000000,363.000000,229.000000
modd/00371.jpg,boat,4,0.561475,239.000000,179.000000,365.000000,231.000000
modd/00372.jpg,boat,4,0.609642,240.000000,179.000000,362.000000,231.000000
modd/00373.jpg,boat,4,0.742867,241.000000,186.000000,364.000000,236.000000
modd/00374.jpg,person,15,0.538527,284.000000,161.000000,338.000000,232.000000
modd/00375.jpg,person,15,0.534582,282.000000,162.000000,340.000000,234.000000
modd/00376.jpg,boat,4,0.635057,245.000000,188.000000,365.000000,235.000000
modd/00376.jpg,boat,4,0.505646,392.000000,214.000000,480.000000,261.000000
modd/00377.jpg,boat,4,0.724059,248.000000,186.000000,368.000000,233.000000
modd/00378.jpg,boat,4,0.687208,248.000000,182.000000,369.000000,233.000000
modd/00381.jpg,person,15,0.594805,294.000000,150.000000,354.000000,213.000000
modd/00385.jpg,boat,4,0.525980,256.000000,187.000000,368.000000,231.000000
modd/00391.jpg,person,15,0.505989,305.000000,169.000000,360.000000,235.000000
modd/00394.jpg,person,15,0.504269,307.000000,167.000000,359.000000,228.000000
modd/00396.jpg,person,15,0.578189,311.000000,156.000000,363.000000,227.000000
modd/00397.jpg,person,15,0.554423,312.000000,159.000000,362.000000,221.000000
modd/00398.jpg,person,15,0.635307,311.000000,158.000000,361.000000,217.000000
modd/00399.jpg,person,15,0.582789,312.000000,155.000000,363.000000,217.000000
modd/00400.jpg,person,15,0.618497,312.000000,154.000000,365.000000,218.000000
modd/00401.jpg,person,15,0.565781,310.000000,153.000000,366.000000,217.000000
modd/00402.jpg,person,15,0.590750,320.000000,148.000000,372.000000,213.000000
modd/00403.jpg,person,15,0.568936,323.000000,153.000000,373.000000,218.000000
modd/00404.jpg,person,15,0.530740,325.000000,155.000000,374.000000,219.000000
modd/00407.jpg,person,15,0.607656,324.000000,168.000000,377.000000,226.000000
modd/00409.jpg,person,15,0.565228,323.000000,165.000000,375.000000,221.000000
modd/00415.jpg,boat,4,0.539948,458.000000,210.000000,543.000000,265.000000
modd/00416.jpg,boat,4,0.593125,459.000000,215.000000,553.000000,277.000000
modd/00416.jpg,person,15,0.565587,337.000000,162.000000,388.000000,222.000000
modd/00417.jpg,person,15,0.648758,342.000000,172.000000,388.000000,234.000000
modd/00418.jpg,person,15,0.627448,340.000000,173.000000,388.000000,232.000000
modd/00419.jpg,person,15,0.660210,341.000000,168.000000,394.000000,232.000000
modd/00420.jpg,person,15,0.564560,344.000000,169.000000,394.000000,227.000000
modd/00421.jpg,person,15,0.533295,344.000000,164.000000,395.000000,225.000000
modd/00422.jpg,boat,4,0.607020,321.000000,162.000000,402.000000,222.000000
modd/00423.jpg,boat,4,0.651266,321.000000,164.000000,404.000000,220.000000
modd/00424.jpg,person,15,0.535584,344.000000,158.000000,398.000000,218.000000
modd/00424.jpg,boat,4,0.512330,318.000000,166.000000,411.000000,218.000000
modd/00427.jpg,boat,4,0.543988,319.000000,161.000000,411.000000,218.000000
modd/00427.jpg,boat,4,0.504827,476.000000,218.000000,561.000000,272.000000
modd/00429.jpg,boat,4,0.519412,322.000000,166.000000,407.000000,223.000000
modd/00430.jpg,boat,4,0.690935,324.000000,163.000000,407.000000,224.000000
modd/00431.jpg,boat,4,0.569520,327.000000,167.000000,412.000000,224.000000
modd/00434.jpg,boat,4,0.697224,343.000000,161.000000,420.000000,218.000000
modd/00436.jpg,boat,4,0.626619,343.000000,160.000000,421.000000,220.000000
modd/00438.jpg,boat,4,0.670844,342.000000,167.000000,414.000000,227.000000
modd/00439.jpg,boat,4,0.517899,342.000000,174.000000,418.000000,233.000000
modd/00441.jpg,boat,4,0.507723,335.000000,175.000000,421.000000,236.000000
modd/00441.jpg,boat,4,0.505269,497.000000,227.000000,583.000000,281.000000
modd/00443.jpg,boat,4,0.602686,342.000000,172.000000,422.000000,235.000000
modd/00444.jpg,boat,4,0.803289,341.000000,167.000000,423.000000,229.000000
modd/00445.jpg,boat,4,0.881272,342.000000,166.000000,424.000000,227.000000
modd/00446.jpg,boat,4,0.715014,346.000000,163.000000,424.000000,221.000000
modd/00446.jpg,boat,4,0.519838,504.000000,216.000000,590.000000,280.000000
modd/00447.jpg,boat,4,0.613366,345.000000,162.000000,425.000000,219.000000
modd/00448.jpg,boat,4,0.607721,347.000000,161.000000,424.000000,218.000000
modd/00448.jpg,boat,4,0.589421,505.000000,217.000000,591.000000,279.000000
modd/00449.jpg,boat,4,0.672731,504.000000,216.000000,592.000000,280.000000
modd/00449.jpg,boat,4,0.528448,346.000000,161.000000,424.000000,217.000000
modd/00453.jpg,boat,4,0.623631,353.000000,158.000000,430.000000,213.000000
modd/00454.jpg,boat,4,0.698021,352.000000,160.000000,430.000000,217.000000
modd/00455.jpg,boat,4,0.736958,357.000000,162.000000,428.000000,222.000000
modd/00455.jpg,boat,4,0.579871,513.000000,221.000000,596.000000,283.000000
modd/00456.jpg,boat,4,0.634394,357.000000,164.000000,429.000000,224.000000
modd/00456.jpg,boat,4,0.580515,511.000000,227.000000,597.000000,284.000000
modd/00457.jpg,boat,4,0.761883,358.000000,167.000000,430.000000,227.000000
modd/00457.jpg,boat,4,0.550524,516.000000,231.000000,599.000000,285.000000
modd/00458.jpg,boat,4,0.610608,357.000000,171.000000,432.000000,229.000000
modd/00458.jpg,boat,4,0.555591,518.000000,232.000000,602.000000,284.000000
modd/00459.jpg,boat,4,0.739908,359.000000,171.000000,439.000000,231.000000
modd/00459.jpg,boat,4,0.548702,521.000000,232.000000,604.000000,284.000000
modd/00460.jpg,boat,4,0.670888,360.000000,172.000000,438.000000,231.000000
modd/00460.jpg,boat,4,0.512973,525.000000,231.000000,608.000000,285.000000
modd/00461.jpg,boat,4,0.753385,359.000000,173.000000,441.000000,232.000000
modd/00461.jpg,boat,4,0.514085,524.000000,229.000000,609.000000,281.000000
modd/00462.jpg,boat,4,0.651444,361.000000,173.000000,443.000000,230.000000
modd/00462.jpg,boat,4,0.534977,527.000000,224.000000,611.000000,277.000000
modd/00463.jpg,boat,4,0.668028,361.000000,170.000000,441.000000,230.000000
modd/00463.jpg,boat,4,0.518201,528.000000,222.000000,611.000000,276.000000
modd/00464.jpg,boat,4,0.747401,363.000000,170.000000,443.000000,228.000000
modd/00465.jpg,boat,4,0.796684,366.000000,167.000000,443.000000,228.000000
modd/00466.jpg,boat,4,0.735136,354.000000,168.000000,438.000000,227.000000
modd/00467.jpg,boat,4,0.739044,355.000000,169.000000,435.000000,226.000000
modd/00467.jpg,boat,4,0.549088,537.000000,221.000000,622.000000,274.000000
modd/00468.jpg,boat,4,0.577633,354.000000,172.000000,436.000000,229.000000
modd/00469.jpg,boat,4,0.570835,365.000000,172.000000,443.000000,230.000000
modd/00470.jpg,boat,4,0.631306,354.000000,175.000000,439.000000,234.000000
modd/00472.jpg,boat,4,0.710373,359.000000,171.000000,442.000000,228.000000
modd/00473.jpg,boat,4,0.723071,362.000000,166.000000,443.000000,224.000000
modd/00473.jpg,boat,4,0.529585,538.000000,223.000000,618.000000,277.000000
modd/00474.jpg,boat,4,0.757566,366.000000,151.000000,443.000000,211.000000
modd/00475.jpg,boat,4,0.694757,365.000000,153.000000,444.000000,210.000000
modd/00475.jpg,boat,4,0.500311,540.000000,203.000000,623.000000,259.000000
modd/00476.jpg,boat,4,0.697903,362.000000,162.000000,449.000000,220.000000
modd/00476.jpg,boat,4,0.537551,540.000000,222.000000,626.000000,274.000000
modd/00477.jpg,boat,4,0.670893,361.000000,160.000000,448.000000,222.000000
modd/00477.jpg,boat,4,0.641028,539.000000,215.000000,629.000000,273.000000
modd/00478.jpg,boat,4,0.917290,359.000000,167.000000,447.000000,228.000000
modd/00479.jpg,boat,4,0.736006,360.000000,170.000000,449.000000,230.000000
modd/00479.jpg,boat,4,0.604813,538.000000,232.000000,625.000000,289.000000
modd/00480.jpg,boat,4,0.841657,360.000000,176.000000,446.000000,235.000000
modd/00481.jpg,boat,4,0.866294,365.000000,178.000000,447.000000,240.000000
modd/00482.jpg,boat,4,0.900201,371.000000,175.000000,448.000000,236.000000
modd/00483.jpg,boat,4,0.924194,371.000000,174.000000,450.000000,233.000000
modd/00484.jpg,boat,4,0.839062,372.000000,175.000000,455.000000,232.000000
modd/00485.jpg,boat,4,0.693639,377.000000,163.000000,454.000000,219.000000
modd/00485.jpg,boat,4,0.515332,553.000000,217.000000,636.000000,272.000000
modd/00486.jpg,boat,4,0.815129,380.000000,160.000000,458.000000,220.000000
modd/00487.jpg,boat,4,0.773113,382.000000,166.000000,461.000000,224.000000
modd/00488.jpg,boat,4,0.805421,386.000000,161.000000,466.000000,219.000000
modd/00489.jpg,boat,4,0.742084,381.000000,159.000000,465.000000,214.000000
modd/00490.jpg,boat,4,0.822794,382.000000,161.000000,466.000000,217.000000
modd/00491.jpg,boat,4,0.790078,383.000000,164.000000,464.000000,221.000000
modd/00492.jpg,boat,4,0.868263,380.000000,164.000000,465.000000,222.000000
modd/00493.jpg,boat,4,0.671712,381.000000,168.000000,462.000000,224.000000
modd/00494.jpg,boat,4,0.791181,376.000000,171.000000,460.000000,228.000000
modd/00495.jpg,boat,4,0.678946,377.000000,174.000000,458.000000,228.000000
modd/00496.jpg,boat,4,0.730472,377.000000,177.000000,461.000000,230.000000
modd/00497.jpg,boat,4,0.813149,378.000000,172.000000,460.000000,229.000000
modd/00498.jpg,boat,4,0.909720,380.000000,171.000000,466.000000,227.000000
modd/00499.jpg,boat,4,0.888384,382.000000,170.000000,466.000000,228.000000
modd/00500.jpg,boat,4,0.880258,383.000000,168.000000,466.000000,225.000000
modd/00501.jpg,boat,4,0.837261,385.000000,164.000000,471.000000,215.000000
modd/00502.jpg,boat,4,0.874410,385.000000,162.000000,471.000000,214.000000
modd/00503.jpg,boat,4,0.879221,385.000000,164.000000,472.000000,216.000000
modd/00504.jpg,boat,4,0.876457,382.000000,170.000000,471.000000,223.000000
modd/00505.jpg,boat,4,0.924417,382.000000,173.000000,470.000000,228.000000
modd/00506.jpg,boat,4,0.842664,387.000000,173.000000,472.000000,226.000000
modd/00507.jpg,boat,4,0.861139,394.000000,180.000000,475.000000,231.000000
modd/00508.jpg,boat,4,0.868946,395.000000,175.000000,481.000000,227.000000
modd/00509.jpg,boat,4,0.618919,397.000000,175.000000,478.000000,226.000000
modd/00510.jpg,boat,4,0.839205,399.000000,167.000000,483.000000,220.000000
modd/00511.jpg,boat,4,0.704705,398.000000,164.000000,482.000000,217.000000
modd/00512.jpg,boat,4,0.787525,398.000000,161.000000,483.000000,216.000000
modd/00513.jpg,boat,4,0.689989,399.000000,163.000000,481.000000,217.000000
modd/00514.jpg,boat,4,0.596372,398.000000,165.000000,482.000000,219.000000
modd/00515.jpg,boat,4,0.848390,398.000000,164.000000,484.000000,215.000000
modd/00516.jpg,boat,4,0.863177,399.000000,167.000000,481.000000,220.000000
modd/00517.jpg,boat,4,0.915397,397.000000,175.000000,481.000000,229.000000
modd/00518.jpg,boat,4,0.774257,397.000000,174.000000,480.000000,226.000000
modd/00519.jpg,boat,4,0.707036,398.000000,174.000000,482.000000,226.000000
modd/00521.jpg,boat,4,0.672638,399.000000,177.000000,481.000000,231.000000
modd/00522.jpg,boat,4,0.758119,398.000000,173.000000,483.000000,225.000000
modd/00523.jpg,boat,4,0.775082,398.000000,171.000000,484.000000,226.000000
modd/00524.jpg,boat,4,0.832670,402.000000,167.000000,486.000000,224.000000
modd/00525.jpg,boat,4,0.866940,403.000000,166.000000,487.000000,224.000000
modd/00526.jpg,boat,4,0.777260,395.000000,172.000000,479.000000,226.000000
modd/00527.jpg,boat,4,0.710309,393.000000,175.000000,480.000000,227.000000
modd/00528.jpg,boat,4,0.736870,396.000000,178.000000,483.000000,230.000000
modd/00529.jpg,boat,4,0.645513,397.000000,177.000000,483.000000,230.000000
modd/00530.jpg,boat,4,0.735777,398.000000,176.000000,485.000000,231.000000
modd/00531.jpg,boat,4,0.706285,398.000000,177.000000,486.000000,229.000000
modd/00532.jpg,boat,4,0.752900,398.000000,170.000000,489.000000,221.000000
modd/00533.jpg,boat,4,0.749946,398.000000,169.000000,486.000000,219.000000
modd/00534.jpg,boat,4,0.687536,398.000000,167.000000,486.000000,216.000000
modd/00535.jpg,boat,4,0.778875,397.000000,164.000000,491.000000,213.000000
modd/00536.jpg,boat,4,0.739321,396.000000,164.000000,490.000000,214.000000
modd/00537.jpg,boat,4,0.876497,395.000000,167.000000,489.000000,220.000000
modd/00538.jpg,boat,4,0.897051,398.000000,172.000000,488.000000,225.000000
modd/00539.jpg,boat,4,0.911091,397.000000,175.000000,487.000000,230.000000
modd/00540.jpg,boat,4,0.849395,396.000000,177.000000,489.000000,232.000000
modd/00541.jpg,boat,4,0.849317,397.000000,176.000000,489.000000,230.000000
modd/00542.jpg,boat,4,0.877899,399.000000,172.000000,489.000000,228.000000
modd/00543.jpg,boat,4,0.835472,399.000000,169.000000,493.000000,221.000000
modd/00544.jpg,boat,4,0.853565,397.000000,167.000000,494.000000,217.000000
modd/00545.jpg,boat,4,0.870221,397.000000,165.000000,496.000000,215.000000
modd/00546.jpg,boat,4,0.816775,401.000000,169.000000,494.000000,219.000000
modd/00547.jpg,boat,4,0.880376,401.000000,171.000000,494.000000,223.000000
modd/00548.jpg,boat,4,0.904508,403.000000,172.000000,495.000000,224.000000
modd/00549.jpg,boat,4,0.869242,402.000000,180.000000,494.000000,232.000000
modd/00550.jpg,boat,4,0.904329,405.000000,179.000000,496.000000,231.000000
modd/00551.jpg,boat,4,0.888916,412.000000,192.000000,505.000000,243.000000
modd/00552.jpg,boat,4,0.801041,420.000000,197.000000,506.000000,248.000000
modd/00553.jpg,boat,4,0.774197,418.000000,195.000000,506.000000,247.000000
modd/00554.jpg,boat,4,0.814373,423.000000,196.000000,512.000000,247.000000
modd/00555.jpg,boat,4,0.813446,410.000000,195.000000,498.000000,246.000000
modd/00556.jpg,boat,4,0.807412,412.000000,196.000000,505.000000,246.000000
modd/00557.jpg,boat,4,0.884416,417.000000,193.000000,513.000000,244.000000
modd/00558.jpg,boat,4,0.925986,424.000000,195.000000,517.000000,245.000000
modd/00559.jpg,boat,4,0.902503,434.000000,198.000000,528.000000,254.000000
modd/00560.jpg,boat,4,0.842416,431.000000,204.000000,533.000000,254.000000
modd/00561.jpg,boat,4,0.897319,449.000000,207.000000,543.000000,260.000000
modd/00562.jpg,boat,4,0.865072,460.000000,210.000000,551.000000,264.000000
modd/00563.jpg,boat,4,0.858584,453.000000,212.000000,553.000000,264.000000
modd/00564.jpg,boat,4,0.897395,454.000000,211.000000,556.000000,264.000000
modd/00565.jpg,boat,4,0.907403,475.000000,205.000000,566.000000,259.000000
modd/00566.jpg,boat,4,0.850592,466.000000,206.000000,567.000000,258.000000
modd/00567.jpg,boat,4,0.866884,474.000000,203.000000,575.000000,254.000000
modd/00568.jpg,boat,4,0.917108,482.000000,205.000000,581.000000,260.000000
modd/00569.jpg,boat,4,0.823381,484.000000,204.000000,582.000000,259.000000
modd/00570.jpg,boat,4,0.541198,491.000000,205.000000,589.000000,259.000000
modd/00571.jpg,boat,4,0.678232,482.000000,208.000000,586.000000,257.000000
modd/00572.jpg,boat,4,0.826560,481.000000,207.000000,589.000000,259.000000
modd/00573.jpg,boat,4,0.932159,483.000000,208.000000,594.000000,262.000000
modd/00574.jpg,boat,4,0.935481,480.000000,210.000000,594.000000,267.000000
modd/00575.jpg,boat,4,0.936590,478.000000,209.000000,592.000000,272.000000
modd/00576.jpg,boat,4,0.960683,477.000000,207.000000,594.000000,271.000000
modd/00577.jpg,boat,4,0.885765,480.000000,202.000000,595.000000,265.000000
modd/00578.jpg,boat,4,0.846071,478.000000,204.000000,595.000000,262.000000
modd/00579.jpg,boat,4,0.837290,480.000000,200.000000,607.000000,266.000000
modd/00580.jpg,boat,4,0.765573,477.000000,214.000000,599.000000,275.000000
modd/00581.jpg,boat,4,0.805272,472.000000,215.000000,600.000000,274.000000
modd/00582.jpg,boat,4,0.926120,464.000000,219.000000,592.000000,284.000000
modd/00583.jpg,boat,4,0.902833,462.000000,220.000000,593.000000,280.000000
modd/00584.jpg,boat,4,0.897967,462.000000,220.000000,594.000000,280.000000
modd/00585.jpg,boat,4,0.800518,464.000000,206.000000,597.000000,270.000000
modd/00586.jpg,boat,4,0.754304,466.000000,208.000000,594.000000,266.000000
modd/00587.jpg,boat,4,0.821490,458.000000,196.000000,592.000000,263.000000
modd/00588.jpg,boat,4,0.850390,448.000000,226.000000,590.000000,284.000000
modd/00589.jpg,boat,4,0.775356,443.000000,227.000000,591.000000,283.000000
modd/00589.jpg,person,15,0.531271,495.000000,217.000000,526.000000,267.000000
modd/00590.jpg,boat,4,0.809822,442.000000,225.000000,590.000000,283.000000
modd/00591.jpg,boat,4,0.676860,442.000000,219.000000,592.000000,276.000000
modd/00592.jpg,boat,4,0.691993,448.000000,207.000000,599.000000,266.000000
modd/00593.jpg,boat,4,0.562153,448.000000,188.000000,589.000000,268.000000
modd/00594.jpg,boat,4,0.639232,448.000000,192.000000,588.000000,269.000000
modd/00595.jpg,boat,4,0.773286,448.000000,200.000000,589.000000,275.000000
modd/00596.jpg,boat,4,0.804624,446.000000,216.000000,589.000000,289.000000
modd/00597.jpg,boat,4,0.717993,442.000000,213.000000,587.000000,288.000000
modd/00597.jpg,person,15,0.561281,487.000000,219.000000,521.000000,265.000000
modd/00598.jpg,boat,4,0.643882,439.000000,210.000000,589.000000,282.000000
modd/00599.jpg,boat,4,0.731076,439.000000,208.000000,589.000000,279.000000
modd/00600.jpg,boat,4,0.908731,437.000000,199.000000,589.000000,274.000000
modd/00601.jpg,boat,4,0.822137,438.000000,195.000000,594.000000,266.000000
modd/00602.jpg,boat,4,0.859151,436.000000,193.000000,595.000000,267.000000
modd/00603.jpg,boat,4,0.885080,430.000000,199.000000,594.000000,273.000000
modd/00604.jpg,boat,4,0.956927,431.000000,202.000000,594.000000,283.000000
modd/00605.jpg,boat,4,0.881029,431.000000,216.000000,600.000000,293.000000
modd/00606.jpg,boat,4,0.844546,431.000000,222.000000,598.000000,296.000000
modd/00607.jpg,boat,4,0.793645,434.000000,224.000000,602.000000,297.000000
modd/00608.jpg,boat,4,0.927920,434.000000,216.000000,605.000000,295.000000
modd/00609.jpg,boat,4,0.691312,438.000000,208.000000,617.000000,285.000000
modd/00610.jpg,boat,4,0.800603,436.000000,204.000000,617.000000,281.000000
modd/00611.jpg,boat,4,0.595758,435.000000,196.000000,615.000000,271.000000
modd/00612.jpg,boat,4,0.654519,433.000000,198.000000,618.000000,274.000000
modd/00613.jpg,boat,4,0.594348,441.000000,201.000000,620.000000,274.000000
modd/00614.jpg,boat,4,0.749170,443.000000,205.000000,631.000000,283.000000
modd/00615.jpg,boat,4,0.635472,443.000000,206.000000,630.000000,281.000000
modd/00616.jpg,boat,4,0.710194,445.000000,209.000000,645.000000,285.000000
modd/00617.jpg,boat,4,0.604182,452.000000,216.000000,664.000000,289.000000
modd/00617.jpg,person,15,0.598236,560.000000,207.000000,609.000000,267.000000
modd/00617.jpg,person,15,0.572307,509.000000,201.000000,549.000000,256.000000
modd/00618.jpg,boat,4,0.634617,450.000000,210.000000,656.000000,289.000000
modd/00619.jpg,boat,4,0.702733,454.000000,208.000000,660.000000,287.000000
modd/00620.jpg,boat,4,0.669991,457.000000,210.000000,662.000000,288.000000
modd/00621.jpg,boat,4,0.670927,459.000000,213.000000,671.000000,294.000000
modd/00622.jpg,boat,4,0.517743,463.000000,219.000000,660.000000,305.000000
modd/00623.jpg,boat,4,0.555827,466.000000,218.000000,659.000000,305.000000
modd/00624.jpg,boat,4,0.702435,469.000000,214.000000,659.000000,305.000000
modd/00625.jpg,boat,4,0.808776,475.000000,214.000000,662.000000,299.000000
modd/00626.jpg,boat,4,0.773188,479.000000,214.000000,660.000000,300.000000
modd/00627.jpg,boat,4,0.768243,486.000000,213.000000,667.000000,302.000000
modd/00628.jpg,boat,4,0.781294,495.000000,221.000000,662.000000,311.000000
modd/00629.jpg,boat,4,0.762153,502.000000,229.000000,661.000000,319.000000
modd/00630.jpg,boat,4,0.867452,503.000000,227.000000,661.000000,321.000000
modd/00631.jpg,boat,4,0.866014,511.000000,222.000000,658.000000,320.000000
modd/00632.jpg,boat,4,0.830577,524.000000,213.000000,654.000000,300.000000
modd/00633.jpg,boat,4,0.868349,529.000000,214.000000,653.000000,300.000000
modd/00634.jpg,boat,4,0.835732,533.000000,216.000000,653.000000,297.000000
modd/00635.jpg,boat,4,0.882435,543.000000,225.000000,653.000000,309.000000
modd/00636.jpg,boat,4,0.907035,550.000000,244.000000,647.000000,329.000000
modd/00637.jpg,boat,4,0.896465,563.000000,252.000000,654.000000,347.000000
modd/00638.jpg,boat,4,0.924123,571.000000,249.000000,654.000000,342.000000
